Aach (Hegau):47.84556:8.85167
Aach (bei Trier):49.79111:6.59000
Aachen:50.77667:6.08361
Aalen:48.83722:10.09361
Aarbergen:50.24639:8.07222
Aasbüttel:54.06722:9.44167
Abenberg:49.24250:10.96111
Abensberg:48.81694:11.84861
Abentheuer:49.64972:7.10389
Absberg:49.14361:10.88111
Abstatt:49.06667:9.30000